A:
	
1.000
	
1.000
	
1.000
	
1.000
	
1.000
	
1.000
	
2.000
	
1.000
	
1.000
C:
	
1.000
	
1.000
	
1.000
	
1.000
	
1.000
	
1.000
	
1.000
	
1.000
	
1.000
D:
	
1.000
	
0.050
	
50.000
	
1.000
	
1.000
	
1.000
	
1.000
	
1.000
	
0.100
E:
	
1.000
	
0.050
	
90.000
	
1.000
	
1.000
	
1.000
	
1.000
	
1.000
	
0.100
F:
	
1.000
	
0.050
	
1.000
	
1.000
	
1.000
	
1.000
	
5.000
	
1.000
	
10.000
G:
	
1.000
	
0.250
	
1.000
	
1.000
	
1.000
	
1.000
	
1.000
	
1.000
	
1.000
H:
	
1.000
	
0.050
	
1.000
	
1.000
	
1.000
	
1.000
	
1.000
	
1.000
	
1.000
I:
	
1.000
	
1.000
	
1.000
	
1.000
	
1.000
	
1.000
	
5.000
	
1.000
	
1.000
K:
	
1.000
	
0.050
	
0.100
	
0.100
	
1.000
	
1.000
	
1.000
	
1.000
	
20.000
L:
	
1.000
	
1.000
	
1.000
	
1.000
	
1.000
	
1.000
	
5.000
	
1.000
	
1.000
M:
	
1.000
	
0.500
	
1.000
	
1.000
	
1.000
	
1.000
	
5.000
	
1.000
	
1.000
N:
	
1.000
	
0.250
	
1.000
	
1.000
	
1.000
	
1.000
	
1.000
	
1.000
	
1.000
P:
	
0.100
	
0.250
	
1.000
	
10.000
	
1.000
	
1.000
	
2.000
	
1.000
	
0.100
Q:
	
1.000
	
0.150
	
1.000
	
1.000
	
1.000
	
1.000
	
1.000
	
1.000
	
1.000
R:
	
1.000
	
0.050
	
0.100
	
0.100
	
1.000
	
1.000
	
1.000
	
1.000
	
10.000
S:
	
1.000
	
1.500
	
1.000
	
1.000
	
1.000
	
1.000
	
1.000
	
1.000
	
1.000
T:
	
1.000
	
2.500
	
1.000
	
1.000
	
1.000
	
1.000
	
1.000
	
1.000
	
1.000
V:
	
1.000
	
1.000
	
1.000
	
1.000
	
1.000
	
1.000
	
2.000
	
1.000
	
1.000
W:
	
1.000
	
0.050
	
0.100
	
1.000
	
1.000
	
1.000
	
1.000
	
1.000
	
1.000
Y:
	
1.000
	
0.050
	
1.000
	
1.000
	
1.000
	
1.000
	
2.000
	
1.000
	
50.000