A:
	
1.000
	
1.000
	
1.000
	
1.000
	
1.000
	
1.000
	
1.000
	
1.000
	
1.000
C:
	
0.597
	
0.500
	
1.000
	
1.000
	
1.000
	
1.000
	
1.000
	
1.000
	
0.010
D:
	
0.041
	
0.500
	
0.726
	
1.000
	
1.000
	
1.000
	
1.000
	
1.000
	
0.010
E:
	
0.578
	
2.840
	
0.054
	
1.000
	
0.756
	
3.246
	
0.820
	
1.000
	
0.015
F:
	
1.000
	
0.500
	
11.383
	
0.027
	
6.044
	
4.369
	
6.383
	
1.000
	
0.009
G:
	
0.578
	
0.500
	
0.088
	
1.000
	
0.804
	
1.060
	
0.105
	
1.000
	
0.009
H:
	
0.044
	
0.500
	
1.000
	
1.000
	
1.000
	
1.000
	
1.000
	
1.000
	
0.010
I:
	
1.000
	
10.151
	
1.849
	
0.078
	
1.000
	
1.000
	
1.000
	
1.000
	
0.534
K:
	
3.465
	
20.524
	
0.024
	
1.000
	
2.085
	
0.239
	
0.603
	
1.000
	
0.015
L:
	
1.000
	
103.183
	
3.685
	
0.646
	
1.000
	
1.000
	
1.000
	
1.000
	
2.357
M:
	
1.000
	
57.920
	
1.000
	
1.000
	
1.000
	
1.000
	
1.000
	
1.000
	
1.501
N:
	
1.000
	
0.542
	
1.000
	
1.000
	
1.000
	
1.000
	
1.000
	
1.000
	
0.009
P:
	
1.000
	
0.500
	
1.261
	
1.000
	
1.000
	
1.000
	
1.000
	
1.000
	
0.010
Q:
	
1.000
	
10.006
	
1.000
	
1.000
	
1.000
	
1.000
	
1.000
	
1.000
	
0.010
R:
	
1.000
	
0.500
	
0.033
	
1.000
	
1.000
	
1.000
	
0.277
	
1.000
	
0.010
S:
	
1.000
	
0.500
	
1.000
	
1.000
	
1.000
	
1.000
	
1.000
	
1.000
	
0.009
T:
	
1.000
	
6.080
	
1.000
	
1.000
	
1.000
	
1.000
	
1.000
	
1.000
	
0.009
V:
	
1.000
	
5.919
	
2.173
	
1.000
	
1.000
	
2.588
	
1.120
	
0.293
	
4.884
W:
	
1.000
	
0.500
	
12.978
	
1.000
	
2.680
	
0.251
	
5.951
	
1.000
	
0.010
Y:
	
1.000
	
0.500
	
7.613
	
1.000
	
8.002
	
3.470
	
1.000
	
1.000
	
0.009