A:
	
1.000
	
1.000
	
1.000
	
1.000
	
1.000
	
1.000
	
1.000
	
1.000
	
1.000
C:
	
1.000
	
1.000
	
1.000
	
1.000
	
1.000
	
1.000
	
1.000
	
1.000
	
1.000
D:
	
3.000
	
0.100
	
1.000
	
1.000
	
1.000
	
1.000
	
1.000
	
1.000
	
0.100
E:
	
3.000
	
0.100
	
0.200
	
1.000
	
0.200
	
1.000
	
1.000
	
1.000
	
0.100
F:
	
1.000
	
0.100
	
5.000
	
1.000
	
1.000
	
1.000
	
1.000
	
1.000
	
1.000
G:
	
1.000
	
1.000
	
1.000
	
1.000
	
1.000
	
1.000
	
1.000
	
1.000
	
0.100
H:
	
1.000
	
1.000
	
1.000
	
1.000
	
3.000
	
1.000
	
1.000
	
1.000
	
0.100
I:
	
1.000
	
1.000
	
3.000
	
1.000
	
1.000
	
3.000
	
1.000
	
1.000
	
4.000
K:
	
1.000
	
3.000
	
1.000
	
1.000
	
1.000
	
1.000
	
1.000
	
1.000
	
0.100
L:
	
1.000
	
1.000
	
5.000
	
1.000
	
1.000
	
3.000
	
1.000
	
1.000
	
20.000
M:
	
1.000
	
1.000
	
3.000
	
1.000
	
1.000
	
2.000
	
1.000
	
1.000
	
4.000
N:
	
1.000
	
1.000
	
1.000
	
1.000
	
1.000
	
1.000
	
1.000
	
1.000
	
0.200
P:
	
0.100
	
1.000
	
2.000
	
1.000
	
1.000
	
1.000
	
1.000
	
1.000
	
0.100
Q:
	
1.000
	
1.000
	
1.000
	
1.000
	
1.000
	
1.000
	
1.000
	
1.000
	
0.100
R:
	
1.000
	
20.000
	
0.200
	
1.000
	
10.000
	
5.000
	
1.000
	
1.000
	
0.100
S:
	
1.000
	
1.000
	
1.000
	
1.000
	
1.000
	
1.000
	
1.000
	
1.000
	
1.000
T:
	
1.000
	
1.000
	
1.000
	
1.000
	
1.000
	
1.000
	
1.500
	
1.000
	
1.000
V:
	
1.000
	
1.000
	
3.000
	
1.000
	
1.000
	
2.000
	
1.000
	
1.000
	
4.000
W:
	
1.000
	
0.100
	
2.000
	
1.000
	
0.200
	
1.000
	
1.000
	
1.000
	
1.000
Y:
	
1.000
	
0.100
	
5.000
	
1.000
	
0.200
	
1.000
	
1.000
	
1.000
	
1.000