A:
	
1.000
	
1.000
	
1.000
	
1.000
	
1.000
	
1.000
	
1.000
	
1.000
	
1.000
C:
	
1.000
	
1.000
	
1.000
	
1.000
	
1.000
	
1.000
	
1.000
	
1.000
	
1.000
D:
	
0.100
	
0.100
	
1.000
	
1.000
	
1.000
	
1.000
	
1.000
	
1.000
	
0.100
E:
	
0.100
	
3.000
	
1.000
	
1.000
	
1.000
	
1.000
	
1.000
	
1.000
	
0.100
F:
	
1.000
	
0.100
	
5.000
	
1.000
	
1.000
	
1.000
	
1.000
	
1.000
	
5.000
G:
	
1.000
	
0.500
	
1.000
	
1.000
	
1.000
	
1.000
	
1.000
	
1.000
	
0.100
H:
	
1.000
	
0.100
	
1.000
	
1.000
	
1.000
	
1.000
	
1.000
	
1.000
	
1.000
I:
	
1.000
	
1.000
	
1.000
	
1.000
	
1.000
	
1.000
	
1.000
	
1.000
	
3.000
K:
	
3.000
	
0.100
	
1.000
	
1.000
	
1.000
	
1.000
	
0.300
	
1.000
	
10.000
L:
	
1.000
	
3.000
	
1.000
	
1.000
	
1.000
	
1.000
	
1.000
	
1.000
	
10.000
M:
	
1.000
	
5.000
	
1.000
	
1.000
	
1.000
	
1.000
	
1.000
	
1.000
	
3.000
N:
	
1.000
	
2.000
	
1.000
	
1.000
	
1.000
	
1.000
	
1.000
	
1.000
	
1.000
P:
	
0.100
	
1.000
	
1.000
	
1.000
	
1.000
	
1.000
	
1.000
	
1.000
	
0.100
Q:
	
1.000
	
20.000
	
1.000
	
1.000
	
1.000
	
1.000
	
1.000
	
1.000
	
0.100
R:
	
3.000
	
200.000
	
1.000
	
1.000
	
1.000
	
1.000
	
0.300
	
1.000
	
5.000
S:
	
1.000
	
1.000
	
1.000
	
1.000
	
1.000
	
1.000
	
1.000
	
1.000
	
1.000
T:
	
1.000
	
1.000
	
1.000
	
1.000
	
1.000
	
1.000
	
1.000
	
1.000
	
1.000
V:
	
1.000
	
1.000
	
1.000
	
1.000
	
1.000
	
1.000
	
1.000
	
1.000
	
3.000
W:
	
1.000
	
0.100
	
5.000
	
1.000
	
1.000
	
1.000
	
1.000
	
1.000
	
1.000
Y:
	
1.000
	
0.100
	
5.000
	
1.000
	
1.000
	
1.000
	
1.000
	
1.000
	
5.000