A:
	
1.000
	
1.000
	
1.000
	
1.000
	
1.000
	
1.000
	
1.000
	
1.000
	
1.000
C:
	
1.000
	
0.470
	
1.000
	
1.000
	
1.000
	
1.000
	
1.000
	
1.000
	
1.000
D:
	
0.075
	
0.100
	
0.400
	
4.100
	
1.000
	
1.000
	
0.490
	
1.000
	
0.003
E:
	
0.075
	
1.400
	
0.064
	
4.100
	
1.000
	
1.000
	
0.490
	
1.000
	
0.003
F:
	
4.600
	
0.050
	
3.700
	
1.000
	
3.800
	
1.900
	
5.800
	
5.500
	
0.015
G:
	
1.000
	
0.470
	
1.000
	
1.000
	
1.000
	
1.000
	
0.130
	
1.000
	
0.015
H:
	
0.034
	
0.050
	
1.000
	
1.000
	
1.000
	
1.000
	
1.000
	
1.000
	
0.015
I:
	
1.700
	
9.900
	
1.000
	
1.000
	
1.000
	
2.300
	
1.000
	
0.410
	
2.100
K:
	
3.500
	
0.100
	
0.035
	
1.000
	
1.000
	
1.000
	
1.000
	
1.000
	
0.003
L:
	
1.700
	
72.000
	
3.700
	
1.000
	
1.000
	
2.300
	
1.000
	
1.000
	
4.300
M:
	
1.700
	
52.000
	
3.700
	
1.000
	
1.000
	
2.300
	
1.000
	
1.000
	
1.000
N:
	
1.000
	
0.470
	
1.000
	
1.000
	
1.000
	
1.000
	
1.000
	
1.000
	
0.015
P:
	
0.022
	
0.470
	
1.000
	
1.000
	
1.000
	
1.000
	
1.000
	
1.000
	
0.003
Q:
	
1.000
	
7.300
	
1.000
	
1.000
	
1.000
	
1.000
	
1.000
	
1.000
	
0.003
R:
	
1.000
	
0.010
	
0.076
	
1.000
	
1.000
	
1.000
	
0.200
	
1.000
	
0.003
S:
	
1.000
	
0.470
	
1.000
	
1.000
	
1.000
	
1.000
	
1.000
	
1.000
	
0.015
T:
	
1.000
	
1.000
	
1.000
	
1.000
	
1.000
	
1.000
	
1.000
	
1.000
	
1.500
V:
	
1.700
	
6.300
	
1.000
	
1.000
	
1.000
	
2.300
	
1.000
	
0.410
	
14.000
W:
	
4.600
	
0.010
	
8.300
	
1.000
	
1.000
	
1.700
	
7.500
	
5.500
	
0.015
Y:
	
4.600
	
0.010
	
3.200
	
1.000
	
1.000
	
1.500
	
1.000
	
5.500
	
0.015