A:
	
10.220
	
1.000
	
11.200
	
11.200
	
10.690
	
11.300
	
11.300
	
10.820
	
20.000
C:
	
10.500
	
1.000
	
11.000
	
13.600
	
10.990
	
10.880
	
11.200
	
12.200
	
1.000
D:
	
10.380
	
1.000
	
10.360
	
10.430
	
10.450
	
10.820
	
10.660
	
10.280
	
1.000
E:
	
10.380
	
1.000
	
10.360
	
10.430
	
10.450
	
10.820
	
10.660
	
10.280
	
1.000
F:
	
30.000
	
1.000
	
13.200
	
11.100
	
13.000
	
11.500
	
14.200
	
13.100
	
20.000
G:
	
10.210
	
1.000
	
11.100
	
10.580
	
11.400
	
10.310
	
10.850
	
10.470
	
1.000
H:
	
10.510
	
1.000
	
10.610
	
10.690
	
10.460
	
10.760
	
10.320
	
10.860
	
1.000
I:
	
16.400
	
1.000
	
12.000
	
10.770
	
12.000
	
11.100
	
13.000
	
12.000
	
20.000
K:
	
10.510
	
1.000
	
10.610
	
10.690
	
10.460
	
10.760
	
10.320
	
10.860
	
1.000
L:
	
16.400
	
1.000
	
12.000
	
10.770
	
12.000
	
11.100
	
13.000
	
12.000
	
20.000
M:
	
16.400
	
1.000
	
12.000
	
10.770
	
12.000
	
11.100
	
13.000
	
12.000
	
20.000
N:
	
10.300
	
1.000
	
11.800
	
11.500
	
10.640
	
12.400
	
10.330
	
10.740
	
1.000
P:
	
10.250
	
20.000
	
10.340
	
10.700
	
11.600
	
10.440
	
10.450
	
10.540
	
1.000
Q:
	
10.300
	
1.000
	
11.800
	
11.500
	
10.640
	
12.400
	
10.330
	
10.740
	
1.000
R:
	
10.510
	
1.000
	
10.610
	
10.690
	
10.460
	
10.760
	
10.320
	
10.860
	
1.000
S:
	
10.500
	
1.000
	
11.000
	
13.600
	
10.990
	
10.880
	
11.200
	
12.200
	
1.000
T:
	
10.500
	
1.000
	
11.000
	
13.600
	
10.990
	
10.880
	
11.200
	
12.200
	
1.000
V:
	
16.400
	
1.000
	
12.000
	
10.770
	
12.000
	
11.100
	
13.000
	
12.000
	
20.000
W:
	
30.000
	
1.000
	
13.200
	
11.100
	
13.000
	
11.500
	
14.200
	
13.100
	
20.000
Y:
	
30.000
	
1.000
	
13.200
	
11.100
	
13.000
	
11.500
	
14.200
	
13.100
	
20.000