A:
	
10.780
	
1.000
	
11.300
	
11.100
	
10.920
	
11.100
	
11.100
	
10.940
	
20.000
C:
	
10.220
	
1.000
	
10.570
	
13.000
	
11.000
	
11.300
	
10.930
	
11.900
	
1.000
D:
	
10.330
	
1.000
	
10.510
	
10.450
	
10.250
	
10.460
	
10.250
	
10.290
	
1.000
E:
	
10.330
	
1.000
	
10.510
	
10.450
	
10.250
	
10.460
	
10.250
	
10.290
	
1.000
F:
	
37.000
	
1.000
	
15.000
	
10.790
	
13.000
	
11.700
	
12.300
	
13.000
	
20.000
G:
	
10.130
	
1.000
	
10.390
	
10.470
	
11.100
	
10.250
	
13.000
	
10.300
	
1.000
H:
	
10.250
	
1.000
	
10.620
	
10.500
	
10.630
	
11.000
	
10.860
	
10.790
	
1.000
I:
	
26.000
	
1.000
	
12.300
	
11.400
	
11.400
	
11.200
	
12.700
	
12.200
	
20.000
K:
	
10.250
	
1.000
	
10.620
	
10.500
	
10.630
	
11.000
	
10.860
	
10.790
	
1.000
L:
	
26.000
	
1.000
	
12.300
	
11.400
	
11.400
	
11.200
	
12.700
	
12.200
	
20.000
M:
	
26.000
	
1.000
	
12.300
	
11.400
	
11.400
	
11.200
	
12.700
	
12.200
	
20.000
N:
	
10.480
	
1.000
	
10.950
	
12.100
	
10.930
	
12.000
	
10.280
	
10.920
	
1.000
P:
	
10.200
	
20.000
	
11.300
	
10.570
	
12.200
	
10.430
	
10.630
	
10.600
	
1.000
Q:
	
10.480
	
1.000
	
10.950
	
12.100
	
10.930
	
12.000
	
10.280
	
10.920
	
1.000
R:
	
10.250
	
1.000
	
10.620
	
10.500
	
10.630
	
11.000
	
10.860
	
10.790
	
1.000
S:
	
10.220
	
1.000
	
10.570
	
13.000
	
11.000
	
11.300
	
10.930
	
11.900
	
1.000
T:
	
10.220
	
1.000
	
10.570
	
13.000
	
11.000
	
11.300
	
10.930
	
11.900
	
1.000
V:
	
26.000
	
1.000
	
12.300
	
11.400
	
11.400
	
11.200
	
12.700
	
12.200
	
20.000
W:
	
37.000
	
1.000
	
15.000
	
10.790
	
13.000
	
11.700
	
12.300
	
13.000
	
20.000
Y:
	
37.000
	
1.000
	
15.000
	
10.790
	
13.000
	
11.700
	
12.300
	
13.000
	
20.000