A:
	
1.000
	
1.000
	
1.000
	
1.000
	
1.000
	
1.000
	
1.000
	
1.000
	
1.000
C:
	
1.000
	
0.500
	
1.000
	
1.000
	
1.000
	
1.000
	
1.000
	
1.000
	
1.000
D:
	
0.100
	
0.100
	
0.400
	
3.000
	
1.000
	
1.000
	
0.500
	
1.000
	
0.003
E:
	
0.100
	
1.400
	
0.400
	
3.000
	
1.000
	
1.000
	
0.500
	
1.000
	
0.003
F:
	
3.000
	
0.050
	
3.000
	
1.000
	
2.000
	
2.000
	
1.200
	
1.000
	
0.015
G:
	
1.000
	
0.500
	
1.000
	
1.000
	
1.000
	
1.000
	
1.000
	
1.000
	
0.015
H:
	
1.000
	
0.050
	
1.000
	
1.000
	
1.000
	
1.000
	
1.000
	
1.000
	
0.015
I:
	
1.700
	
10.000
	
1.000
	
1.000
	
1.000
	
2.000
	
1.000
	
1.000
	
2.000
K:
	
3.000
	
0.100
	
0.100
	
1.000
	
1.000
	
1.000
	
1.000
	
1.000
	
0.003
L:
	
1.700
	
10.000
	
3.000
	
1.000
	
1.000
	
2.000
	
1.000
	
1.000
	
14.000
M:
	
1.700
	
10.000
	
3.000
	
1.000
	
1.000
	
2.000
	
1.000
	
1.000
	
1.000
N:
	
1.000
	
0.500
	
1.000
	
1.000
	
1.000
	
1.000
	
1.000
	
1.000
	
0.015
P:
	
0.100
	
0.500
	
1.000
	
1.000
	
1.000
	
1.000
	
1.000
	
1.000
	
0.003
Q:
	
1.000
	
8.000
	
1.000
	
1.000
	
1.000
	
1.000
	
1.000
	
1.000
	
0.003
R:
	
1.000
	
0.010
	
0.100
	
1.000
	
1.000
	
1.000
	
0.200
	
1.000
	
0.003
S:
	
1.000
	
0.500
	
1.000
	
1.000
	
1.000
	
1.000
	
1.000
	
1.000
	
0.015
T:
	
1.000
	
1.000
	
1.000
	
1.000
	
1.000
	
1.000
	
1.000
	
1.000
	
2.000
V:
	
1.700
	
20.000
	
1.000
	
1.000
	
1.000
	
2.000
	
1.000
	
1.000
	
4.000
W:
	
3.000
	
0.010
	
3.000
	
1.000
	
1.000
	
2.000
	
1.200
	
1.000
	
0.015
Y:
	
3.000
	
0.010
	
3.000
	
1.000
	
1.200
	
2.000
	
1.000
	
1.000
	
0.015