A:
	
11.400
	
1.000
	
10.600
	
10.550
	
10.520
	
10.860
	
11.000
	
18.100
	
20.000
C:
	
12.400
	
1.000
	
11.700
	
11.300
	
11.700
	
10.560
	
11.200
	
11.600
	
1.000
D:
	
10.094
	
1.000
	
10.095
	
10.300
	
10.150
	
10.180
	
10.370
	
10.094
	
1.000
E:
	
10.094
	
1.000
	
10.095
	
10.300
	
10.150
	
10.180
	
10.370
	
10.094
	
1.000
F:
	
14.200
	
1.000
	
11.300
	
11.400
	
11.200
	
12.800
	
10.620
	
10.560
	
20.000
G:
	
11.200
	
1.000
	
10.410
	
11.100
	
11.000
	
10.170
	
10.480
	
10.420
	
1.000
H:
	
31.000
	
1.000
	
26.000
	
11.600
	
14.500
	
15.400
	
13.300
	
10.390
	
1.000
I:
	
11.800
	
1.000
	
12.000
	
11.600
	
10.630
	
11.400
	
12.800
	
10.950
	
20.000
K:
	
31.000
	
1.000
	
26.000
	
11.600
	
14.500
	
15.400
	
13.300
	
10.390
	
1.000
L:
	
11.800
	
1.000
	
12.000
	
11.600
	
10.630
	
11.400
	
12.800
	
10.950
	
20.000
M:
	
11.800
	
1.000
	
12.000
	
11.600
	
10.630
	
11.400
	
12.800
	
10.950
	
20.000
N:
	
10.200
	
1.000
	
10.620
	
10.960
	
10.400
	
11.300
	
10.240
	
10.640
	
1.000
P:
	
10.066
	
20.000
	
10.210
	
10.690
	
11.700
	
10.650
	
10.630
	
27.000
	
1.000
Q:
	
10.200
	
1.000
	
10.620
	
10.960
	
10.400
	
11.300
	
10.240
	
10.640
	
1.000
R:
	
31.000
	
1.000
	
26.000
	
11.600
	
14.500
	
15.400
	
13.300
	
10.390
	
1.000
S:
	
12.400
	
1.000
	
11.700
	
11.300
	
11.700
	
10.560
	
11.200
	
11.600
	
1.000
T:
	
12.400
	
1.000
	
11.700
	
11.300
	
11.700
	
10.560
	
11.200
	
11.600
	
1.000
V:
	
11.800
	
1.000
	
12.000
	
11.600
	
10.630
	
11.400
	
12.800
	
10.950
	
20.000
W:
	
14.200
	
1.000
	
11.300
	
11.400
	
11.200
	
12.800
	
10.620
	
10.560
	
20.000
Y:
	
14.200
	
1.000
	
11.300
	
11.400
	
11.200
	
12.800
	
10.620
	
10.560
	
20.000