A:
	
1.000
	
4.000
	
1.000
	
1.000
	
1.000
	
1.000
	
1.000
	
1.000
	
1.000
C:
	
1.000
	
4.000
	
1.000
	
1.000
	
1.000
	
1.000
	
1.000
	
1.000
	
1.000
D:
	
2.000
	
0.100
	
0.200
	
1.500
	
0.200
	
1.000
	
1.000
	
1.000
	
0.100
E:
	
2.000
	
0.100
	
0.200
	
1.500
	
0.200
	
1.000
	
1.000
	
1.000
	
0.100
F:
	
1.000
	
0.100
	
1.000
	
1.000
	
1.000
	
1.000
	
1.000
	
1.000
	
0.500
G:
	
1.000
	
0.200
	
1.000
	
1.000
	
1.000
	
1.000
	
1.000
	
1.000
	
0.100
H:
	
1.000
	
0.100
	
1.000
	
1.000
	
1.000
	
1.000
	
1.000
	
1.000
	
0.100
I:
	
1.000
	
1.000
	
1.000
	
1.000
	
1.000
	
1.000
	
1.000
	
1.000
	
5.000
K:
	
0.500
	
0.100
	
20.000
	
1.000
	
20.000
	
1.000
	
1.000
	
1.000
	
0.100
L:
	
1.000
	
2.000
	
1.000
	
1.000
	
1.000
	
1.000
	
1.000
	
1.000
	
20.000
M:
	
1.000
	
1.000
	
1.000
	
1.000
	
1.000
	
1.000
	
1.000
	
1.000
	
5.000
N:
	
1.000
	
1.000
	
1.000
	
1.000
	
1.000
	
1.000
	
1.000
	
1.000
	
0.500
P:
	
0.100
	
4.000
	
1.000
	
1.000
	
1.000
	
1.000
	
1.000
	
1.000
	
0.200
Q:
	
1.000
	
0.300
	
1.000
	
1.000
	
1.000
	
1.000
	
1.000
	
1.000
	
0.200
R:
	
0.500
	
0.100
	
20.000
	
1.000
	
20.000
	
1.000
	
1.000
	
1.000
	
0.100
S:
	
1.000
	
1.000
	
1.000
	
1.000
	
1.000
	
1.000
	
1.000
	
1.000
	
0.500
T:
	
1.000
	
1.000
	
1.000
	
1.000
	
1.000
	
1.000
	
1.000
	
1.000
	
1.000
V:
	
1.000
	
1.000
	
1.000
	
1.000
	
1.000
	
1.000
	
1.000
	
1.000
	
3.000
W:
	
1.000
	
0.100
	
1.000
	
1.000
	
1.000
	
1.000
	
1.000
	
1.000
	
0.500
Y:
	
1.000
	
0.100
	
1.000
	
1.000
	
1.000
	
1.000
	
1.000
	
1.000
	
0.500