A:
	
1.100
	
1.300
	
1.000
	
1.000
	
1.000
	
1.000
	
1.000
	
1.000
	
1.000
C:
	
1.000
	
1.000
	
1.000
	
1.000
	
1.000
	
1.000
	
1.000
	
1.000
	
1.000
D:
	
1.000
	
1.000
	
0.200
	
1.000
	
1.000
	
1.000
	
1.000
	
1.000
	
1.000
E:
	
1.000
	
1.000
	
0.200
	
1.200
	
1.000
	
1.000
	
1.000
	
1.000
	
0.100
F:
	
1.100
	
1.000
	
1.000
	
1.000
	
1.000
	
1.200
	
1.000
	
1.000
	
0.200
G:
	
1.000
	
1.300
	
1.000
	
1.000
	
1.000
	
1.000
	
1.000
	
1.000
	
0.100
H:
	
1.000
	
1.000
	
1.000
	
1.000
	
1.000
	
1.000
	
1.000
	
1.000
	
0.200
I:
	
1.100
	
1.000
	
3.000
	
1.000
	
1.000
	
1.000
	
1.000
	
1.000
	
20.000
K:
	
1.000
	
1.000
	
0.300
	
1.200
	
0.100
	
1.000
	
1.000
	
1.000
	
0.100
L:
	
1.000
	
1.000
	
3.000
	
1.000
	
1.000
	
1.200
	
1.000
	
1.000
	
20.000
M:
	
1.000
	
1.300
	
1.000
	
1.000
	
1.000
	
1.000
	
1.000
	
1.000
	
20.000
N:
	
1.100
	
1.000
	
1.000
	
1.000
	
100.000
	
1.000
	
1.000
	
1.000
	
0.200
P:
	
0.100
	
1.000
	
3.000
	
1.000
	
1.000
	
1.000
	
1.000
	
1.000
	
0.100
Q:
	
1.000
	
1.000
	
1.000
	
1.200
	
1.000
	
1.000
	
1.000
	
1.000
	
0.100
R:
	
1.000
	
1.000
	
0.300
	
1.000
	
0.100
	
1.000
	
1.000
	
1.000
	
0.100
S:
	
1.100
	
1.300
	
1.000
	
1.000
	
1.000
	
1.000
	
1.000
	
1.000
	
0.200
T:
	
1.100
	
1.000
	
1.000
	
1.000
	
1.000
	
1.000
	
1.000
	
1.000
	
1.000
V:
	
1.100
	
1.000
	
3.000
	
1.200
	
1.000
	
1.000
	
1.000
	
1.000
	
1.000
W:
	
1.000
	
1.000
	
1.000
	
1.000
	
0.200
	
1.000
	
1.000
	
1.000
	
0.200
Y:
	
1.000
	
1.000
	
1.000
	
1.000
	
0.200
	
1.000
	
1.000
	
1.000
	
0.200